>CGGACAGCCCAC	1-CGGACAGCCCAC	12.385419	-30.825806	0	T:11.0(1.40%),B:6.4(0.02%),P:1e-13	Tpos:168.8,Tstd:107.5,Bpos:121.6,Bstd:104.2,StrandBias:0.3,Multiplicity:1.00
0.113	0.885	0.001	0.001
0.001	0.113	0.885	0.001
0.001	0.113	0.885	0.001
0.997	0.001	0.001	0.001
0.001	0.885	0.113	0.001
0.997	0.001	0.001	0.001
0.001	0.092	0.778	0.129
0.001	0.997	0.001	0.001
0.227	0.771	0.001	0.001
0.001	0.997	0.001	0.001
0.806	0.080	0.113	0.001
0.001	0.997	0.001	0.001
>GCCGGGCTCGCT	2-GCCGGGCTCGCT	13.065230	-26.008251	0	T:17.0(2.17%),B:56.6(0.19%),P:1e-11	Tpos:207.2,Tstd:94.3,Bpos:203.6,Bstd:112.8,StrandBias:0.2,Multiplicity:1.00
0.001	0.001	0.984	0.014
0.001	0.997	0.001	0.001
0.001	0.997	0.001	0.001
0.001	0.240	0.758	0.001
0.001	0.001	0.830	0.168
0.001	0.001	0.997	0.001
0.001	0.997	0.001	0.001
0.001	0.001	0.206	0.792
0.001	0.832	0.166	0.001
0.001	0.078	0.774	0.147
0.001	0.997	0.001	0.001
0.001	0.001	0.100	0.898
>CCACCGCACCYG	3-CCACCGCACCYG	11.627467	-25.770574	0	T:20.0(2.55%),B:88.1(0.30%),P:1e-11	Tpos:199.8,Tstd:90.5,Bpos:182.4,Bstd:107.7,StrandBias:-0.9,Multiplicity:1.00
0.001	0.704	0.149	0.146
0.001	0.997	0.001	0.001
0.845	0.025	0.032	0.098
0.001	0.942	0.056	0.001
0.050	0.948	0.001	0.001
0.003	0.217	0.696	0.084
0.084	0.850	0.065	0.001
0.833	0.027	0.139	0.001
0.001	0.884	0.114	0.001
0.065	0.933	0.001	0.001
0.001	0.447	0.001	0.551
0.001	0.001	0.997	0.001
>CTTCCTGGCCCT	4-CTTCCTGGCCCT	10.661983	-25.519772	0	T:22.0(2.80%),B:113.0(0.39%),P:1e-11	Tpos:193.5,Tstd:89.6,Bpos:178.0,Bstd:107.8,StrandBias:-0.5,Multiplicity:1.00
0.032	0.770	0.032	0.166
0.033	0.285	0.030	0.652
0.016	0.144	0.302	0.538
0.004	0.736	0.201	0.059
0.049	0.869	0.028	0.054
0.287	0.140	0.046	0.527
0.183	0.119	0.664	0.034
0.078	0.048	0.843	0.031
0.042	0.707	0.057	0.194
0.096	0.591	0.124	0.189
0.041	0.858	0.065	0.036
0.209	0.101	0.026	0.664
>CCCCTCCATTCC	5-CCCCTCCATTCC	12.278193	-24.682984	0	T:14.0(1.78%),B:35.6(0.12%),P:1e-10	Tpos:151.4,Tstd:89.8,Bpos:155.9,Bstd:103.1,StrandBias:0.8,Multiplicity:1.00
0.134	0.864	0.001	0.001
0.155	0.724	0.001	0.120
0.001	0.997	0.001	0.001
0.001	0.997	0.001	0.001
0.001	0.120	0.033	0.846
0.190	0.808	0.001	0.001
0.001	0.864	0.001	0.134
0.997	0.001	0.001	0.001
0.001	0.092	0.001	0.906
0.001	0.001	0.001	0.997
0.001	0.997	0.001	0.001
0.001	0.997	0.001	0.001
>GTGCAGTGCACA	6-GTGCAGTGCACA	13.327650	-24.116595	0	T:8.0(1.02%),B:3.5(0.01%),P:1e-10	Tpos:103.9,Tstd:49.1,Bpos:171.9,Bstd:73.7,StrandBias:10.0,Multiplicity:1.00
0.110	0.110	0.779	0.001
0.001	0.001	0.001	0.997
0.001	0.001	0.997	0.001
0.001	0.889	0.109	0.001
0.889	0.001	0.001	0.109
0.001	0.068	0.930	0.001
0.001	0.001	0.089	0.909
0.001	0.001	0.997	0.001
0.109	0.889	0.001	0.001
0.997	0.001	0.001	0.001
0.001	0.997	0.001	0.001
0.820	0.069	0.001	0.110
>TTCCYWWTTCAM	7-TTCCYWWTTCAM	9.973986	-24.106518	0	T:21.0(2.68%),B:110.4(0.38%),P:1e-10	Tpos:177.3,Tstd:92.0,Bpos:157.3,Bstd:90.9,StrandBias:-0.3,Multiplicity:1.00
0.001	0.001	0.001	0.997
0.001	0.343	0.001	0.655
0.001	0.997	0.001	0.001
0.001	0.997	0.001	0.001
0.001	0.565	0.001	0.433
0.446	0.001	0.001	0.552
0.477	0.001	0.001	0.521
0.001	0.001	0.001	0.997
0.001	0.001	0.001	0.997
0.267	0.469	0.032	0.233
0.997	0.001	0.001	0.001
0.499	0.499	0.001	0.001
>GGGCTGGAGAAC	8-GGGCTGGAGAAC	11.876978	-22.981712	0	T:15.0(1.91%),B:50.4(0.17%),P:1e-9	Tpos:176.8,Tstd:96.7,Bpos:212.2,Bstd:120.2,StrandBias:-0.6,Multiplicity:1.00
0.001	0.001	0.901	0.097
0.120	0.001	0.772	0.107
0.001	0.025	0.973	0.001
0.001	0.927	0.071	0.001
0.001	0.001	0.001	0.997
0.001	0.001	0.997	0.001
0.001	0.001	0.997	0.001
0.938	0.001	0.060	0.001
0.138	0.001	0.860	0.001
0.741	0.120	0.001	0.138
0.901	0.097	0.001	0.001
0.001	0.997	0.001	0.001
>CGCCCGTCCCAC	9-CGCCCGTCCCAC	12.635848	-22.666805	0	T:12.0(1.53%),B:26.1(0.09%),P:1e-9	Tpos:196.6,Tstd:96.6,Bpos:189.1,Bstd:73.9,StrandBias:-0.2,Multiplicity:1.08
0.001	0.997	0.001	0.001
0.001	0.001	0.997	0.001
0.001	0.870	0.128	0.001
0.001	0.997	0.001	0.001
0.001	0.997	0.001	0.001
0.001	0.001	0.951	0.047
0.128	0.001	0.001	0.870
0.001	0.766	0.129	0.104
0.001	0.997	0.001	0.001
0.001	0.870	0.128	0.001
0.864	0.001	0.134	0.001
0.001	0.908	0.090	0.001
>TCSGGKSCAGAG	10-TCSGGKSCAGAG	9.697341	-22.364299	0	T:44.0(5.61%),B:522.5(1.79%),P:1e-9	Tpos:168.3,Tstd:98.7,Bpos:192.4,Bstd:105.0,StrandBias:-0.1,Multiplicity:1.00
0.038	0.041	0.172	0.749
0.025	0.787	0.086	0.102
0.001	0.415	0.513	0.071
0.001	0.001	0.997	0.001
0.047	0.033	0.757	0.163
0.216	0.060	0.401	0.323
0.001	0.516	0.482	0.001
0.001	0.997	0.001	0.001
0.881	0.080	0.001	0.038
0.312	0.001	0.686	0.001
0.978	0.001	0.020	0.001
0.001	0.142	0.856	0.001
>AACCAAAHACAT	11-AACCAAAHACAT	9.000402	-22.184447	0	T:19.0(2.42%),B:98.1(0.34%),P:1e-9	Tpos:103.2,Tstd:76.7,Bpos:109.8,Bstd:76.3,StrandBias:1.5,Multiplicity:1.00
0.997	0.001	0.001	0.001
0.997	0.001	0.001	0.001
0.008	0.990	0.001	0.001
0.376	0.622	0.001	0.001
0.681	0.001	0.317	0.001
0.997	0.001	0.001	0.001
0.997	0.001	0.001	0.001
0.358	0.326	0.001	0.315
0.997	0.001	0.001	0.001
0.010	0.988	0.001	0.001
0.997	0.001	0.001	0.001
0.008	0.312	0.001	0.679
>GTGTCTTGAAAC	12-GTGTCTTGAAAC	13.679590	-21.966551	0	T:7.0(0.89%),B:2.9(0.01%),P:1e-9	Tpos:154.0,Tstd:92.5,Bpos:312.4,Bstd:35.4,StrandBias:1.3,Multiplicity:1.00
0.001	0.001	0.997	0.001
0.001	0.001	0.146	0.852
0.001	0.001	0.997	0.001
0.001	0.001	0.146	0.852
0.001	0.880	0.001	0.118
0.001	0.146	0.001	0.852
0.001	0.001	0.001	0.997
0.001	0.001	0.997	0.001
0.997	0.001	0.001	0.001
0.852	0.001	0.146	0.001
0.997	0.001	0.001	0.001
0.146	0.852	0.001	0.001
>AGAGCGCAAATC	13-AGAGCGCAAATC	14.257152	-21.856827	0	T:6.0(0.76%),B:0.0(0.00%),P:1e-9	Tpos:124.2,Tstd:89.2,Bpos:0.0,Bstd:0.0,StrandBias:1.0,Multiplicity:1.00
0.997	0.001	0.001	0.001
0.001	0.001	0.997	0.001
0.799	0.001	0.199	0.001
0.001	0.001	0.997	0.001
0.001	0.997	0.001	0.001
0.001	0.001	0.997	0.001
0.001	0.997	0.001	0.001
0.997	0.001	0.001	0.001
0.997	0.001	0.001	0.001
0.997	0.001	0.001	0.001
0.001	0.200	0.200	0.599
0.199	0.799	0.001	0.001
>GTGAGTCAGAGG	14-GTGAGTCAGAGG	13.331400	-21.810537	0	T:10.0(1.27%),B:15.5(0.05%),P:1e-9	Tpos:166.0,Tstd:75.0,Bpos:199.8,Bstd:80.0,StrandBias:0.6,Multiplicity:1.00
0.102	0.061	0.836	0.001
0.001	0.001	0.065	0.933
0.001	0.001	0.997	0.001
0.795	0.001	0.102	0.102
0.126	0.079	0.794	0.001
0.001	0.052	0.001	0.946
0.001	0.997	0.001	0.001
0.897	0.001	0.101	0.001
0.001	0.001	0.897	0.101
0.997	0.001	0.001	0.001
0.001	0.001	0.997	0.001
0.001	0.001	0.997	0.001
>CAGTGAGGAGGC	15-CAGTGAGGAGGC	13.079058	-21.467746	0	T:14.0(1.78%),B:47.5(0.16%),P:1e-9	Tpos:244.6,Tstd:74.4,Bpos:198.8,Bstd:113.3,StrandBias:1.3,Multiplicity:1.00
0.001	0.997	0.001	0.001
0.997	0.001	0.001	0.001
0.001	0.083	0.915	0.001
0.137	0.119	0.023	0.721
0.001	0.001	0.880	0.118
0.812	0.119	0.068	0.001
0.001	0.001	0.997	0.001
0.001	0.001	0.902	0.096
0.997	0.001	0.001	0.001
0.001	0.096	0.902	0.001
0.001	0.001	0.997	0.001
0.096	0.902	0.001	0.001
>ACATGGCTCCCA	16-ACATGGCTCCCA	13.343486	-21.285244	0	T:8.0(1.02%),B:6.8(0.02%),P:1e-9	Tpos:149.5,Tstd:115.1,Bpos:247.3,Bstd:103.1,StrandBias:1.6,Multiplicity:1.00
0.878	0.120	0.001	0.001
0.001	0.997	0.001	0.001
0.856	0.001	0.085	0.058
0.098	0.001	0.054	0.847
0.001	0.001	0.997	0.001
0.120	0.001	0.878	0.001
0.001	0.757	0.121	0.121
0.001	0.001	0.097	0.901
0.001	0.997	0.001	0.001
0.001	0.997	0.001	0.001
0.001	0.997	0.001	0.001
0.997	0.001	0.001	0.001
>CCTGCTCGCGGC	17-CCTGCTCGCGGC	10.761667	-21.145760	0	T:35.0(4.46%),B:365.2(1.25%),P:1e-9	Tpos:219.3,Tstd:87.1,Bpos:192.2,Bstd:108.2,StrandBias:0.6,Multiplicity:1.00
0.001	0.997	0.001	0.001
0.001	0.997	0.001	0.001
0.002	0.062	0.150	0.786
0.001	0.085	0.913	0.001
0.001	0.794	0.036	0.169
0.149	0.032	0.048	0.771
0.123	0.750	0.126	0.001
0.001	0.002	0.944	0.053
0.001	0.781	0.159	0.059
0.001	0.271	0.597	0.131
0.001	0.001	0.997	0.001
0.001	0.739	0.259	0.001
>CCTGTGTGGCTG	18-CCTGTGTGGCTG	9.928413	-19.717248	0	T:38.0(4.84%),B:447.9(1.54%),P:1e-8	Tpos:152.2,Tstd:102.0,Bpos:182.9,Bstd:110.0,StrandBias:-0.1,Multiplicity:1.08
0.025	0.876	0.060	0.039
0.062	0.823	0.001	0.114
0.016	0.001	0.093	0.890
0.031	0.073	0.871	0.025
0.074	0.030	0.111	0.785
0.001	0.081	0.861	0.057
0.154	0.085	0.086	0.675
0.024	0.001	0.974	0.001
0.045	0.039	0.867	0.049
0.001	0.777	0.113	0.109
0.111	0.066	0.090	0.733
0.015	0.057	0.879	0.049
>TTGACAGCAGTC	19-TTGACAGCAGTC	10.085898	-18.532051	0	T:17.0(2.17%),B:98.0(0.34%),P:1e-8	Tpos:191.9,Tstd:98.0,Bpos:183.5,Bstd:108.7,StrandBias:0.5,Multiplicity:1.00
0.002	0.180	0.044	0.774
0.002	0.001	0.192	0.805
0.001	0.001	0.997	0.001
0.817	0.051	0.066	0.066
0.067	0.852	0.080	0.001
0.502	0.146	0.081	0.271
0.001	0.080	0.854	0.065
0.068	0.785	0.081	0.066
0.915	0.082	0.002	0.001
0.080	0.001	0.918	0.001
0.083	0.092	0.147	0.678
0.002	0.947	0.049	0.002
>TCCTCAARGTTT	20-TCCTCAARGTTT	8.908574	-18.096411	0	T:49.0(6.24%),B:720.6(2.48%),P:1e-7	Tpos:140.3,Tstd:87.8,Bpos:151.1,Bstd:98.3,StrandBias:0.1,Multiplicity:1.08
0.167	0.001	0.001	0.831
0.001	0.928	0.001	0.070
0.001	0.997	0.001	0.001
0.001	0.001	0.001	0.997
0.133	0.420	0.207	0.240
0.534	0.197	0.001	0.268
0.739	0.259	0.001	0.001
0.475	0.001	0.523	0.001
0.291	0.023	0.607	0.079
0.001	0.001	0.284	0.714
0.001	0.395	0.001	0.603
0.247	0.001	0.001	0.751
>GCGATACCCGCG	21-GCGATACCCGCG	14.376276	-17.493763	0	T:6.0(0.76%),B:3.7(0.01%),P:1e-7	Tpos:158.2,Tstd:84.0,Bpos:148.9,Bstd:101.6,StrandBias:2.3,Multiplicity:1.00
0.001	0.001	0.997	0.001
0.001	0.997	0.001	0.001
0.001	0.001	0.997	0.001
0.997	0.001	0.001	0.001
0.001	0.001	0.215	0.783
0.649	0.175	0.175	0.001
0.001	0.997	0.001	0.001
0.001	0.997	0.001	0.001
0.001	0.997	0.001	0.001
0.215	0.001	0.783	0.001
0.001	0.997	0.001	0.001
0.001	0.001	0.997	0.001
>GCAACTGCAGCT	22-GCAACTGCAGCT	9.355749	-14.812564	0	T:38.0(4.84%),B:547.9(1.88%),P:1e-6	Tpos:206.3,Tstd:110.8,Bpos:204.6,Bstd:115.5,StrandBias:0.5,Multiplicity:1.11
0.134	0.033	0.800	0.033
0.100	0.755	0.144	0.001
0.933	0.001	0.033	0.033
0.850	0.033	0.116	0.001
0.062	0.766	0.098	0.074
0.126	0.001	0.029	0.844
0.001	0.066	0.825	0.108
0.041	0.884	0.001	0.074
0.810	0.033	0.057	0.100
0.066	0.041	0.892	0.001
0.001	0.884	0.074	0.041
0.041	0.116	0.067	0.776
>CTCTGSGGGCGT	23-CTCTGSGGGCGT	10.100623	-11.296761	0	T:11.0(1.40%),B:73.1(0.25%),P:1e-4	Tpos:195.0,Tstd:87.7,Bpos:202.8,Bstd:91.9,StrandBias:1.7,Multiplicity:1.18
0.001	0.997	0.001	0.001
0.001	0.001	0.001	0.997
0.001	0.997	0.001	0.001
0.001	0.001	0.001	0.997
0.001	0.001	0.769	0.229
0.005	0.462	0.522	0.011
0.001	0.001	0.997	0.001
0.001	0.001	0.997	0.001
0.001	0.061	0.924	0.014
0.282	0.716	0.001	0.001
0.230	0.178	0.587	0.005
0.001	0.001	0.008	0.990
>CTGCTCCAGAGA	24-CTGCTCCAGAGA	13.100467	-10.451895	0	T:6.0(0.76%),B:18.5(0.06%),P:1e-4	Tpos:135.5,Tstd:87.8,Bpos:139.7,Bstd:82.9,StrandBias:-1.6,Multiplicity:1.33
0.281	0.717	0.001	0.001
0.001	0.001	0.001	0.997
0.001	0.001	0.997	0.001
0.001	0.673	0.001	0.325
0.001	0.001	0.001	0.997
0.001	0.910	0.001	0.088
0.001	0.997	0.001	0.001
0.997	0.001	0.001	0.001
0.001	0.281	0.717	0.001
0.978	0.001	0.001	0.020
0.001	0.001	0.997	0.001
0.997	0.001	0.001	0.001
