>CGCACCCATT	1-CGCACCCATT	8.814424	-26.743888	0	T:35.0(4.46%),B:292.6(1.01%),P:1e-11	Tpos:171.9,Tstd:90.4,Bpos:196.7,Bstd:93.7,StrandBias:-0.1,Multiplicity:1.00
0.001	0.932	0.066	0.001
0.001	0.001	0.997	0.001
0.001	0.887	0.001	0.111
0.824	0.057	0.118	0.001
0.001	0.976	0.022	0.001
0.001	0.941	0.001	0.057
0.001	0.887	0.111	0.001
0.930	0.001	0.001	0.068
0.001	0.103	0.028	0.868
0.001	0.196	0.001	0.802
>AGRTHSRGDC	2-AGRTHSRGDC	5.943316	-24.094388	0	T:64.0(8.15%),B:921.8(3.17%),P:1e-10	Tpos:192.5,Tstd:90.1,Bpos:187.3,Bstd:109.7,StrandBias:0.2,Multiplicity:1.00
0.405	0.146	0.235	0.214
0.394	0.016	0.571	0.019
0.309	0.243	0.435	0.013
0.274	0.019	0.278	0.429
0.303	0.403	0.011	0.283
0.009	0.492	0.342	0.157
0.420	0.216	0.350	0.015
0.019	0.263	0.470	0.248
0.282	0.016	0.424	0.278
0.013	0.962	0.012	0.013
>ACATGTCTCT	3-ACATGTCTCT	7.394508	-23.674023	0	T:63.0(8.03%),B:908.1(3.12%),P:1e-10	Tpos:146.3,Tstd:102.1,Bpos:153.5,Bstd:96.8,StrandBias:-0.1,Multiplicity:1.03
0.797	0.077	0.070	0.056
0.077	0.805	0.090	0.028
0.817	0.042	0.048	0.093
0.067	0.038	0.039	0.856
0.114	0.115	0.725	0.046
0.111	0.027	0.064	0.798
0.088	0.761	0.091	0.060
0.064	0.103	0.040	0.793
0.001	0.870	0.085	0.044
0.110	0.067	0.039	0.784
>TGTCCMCGCA	4-TGTCCMCGCA	7.989405	-22.386692	0	T:72.0(9.17%),B:1155.0(3.97%),P:1e-9	Tpos:194.5,Tstd:94.4,Bpos:182.0,Bstd:105.4,StrandBias:-0.1,Multiplicity:1.08
0.001	0.053	0.008	0.938
0.001	0.001	0.997	0.001
0.114	0.155	0.001	0.730
0.010	0.883	0.106	0.001
0.262	0.736	0.001	0.001
0.396	0.330	0.192	0.083
0.089	0.909	0.001	0.001
0.001	0.080	0.918	0.001
0.001	0.995	0.003	0.001
0.798	0.109	0.001	0.092
>CAAGAACGGG	5-CAAGAACGGG	9.900099	-21.851056	0	T:24.0(3.06%),B:169.6(0.58%),P:1e-9	Tpos:183.8,Tstd:110.8,Bpos:168.1,Bstd:106.6,StrandBias:-1.4,Multiplicity:1.08
0.132	0.866	0.001	0.001
0.931	0.001	0.067	0.001
0.902	0.096	0.001	0.001
0.075	0.050	0.874	0.001
0.879	0.001	0.045	0.075
0.923	0.001	0.026	0.050
0.075	0.923	0.001	0.001
0.074	0.043	0.828	0.055
0.001	0.001	0.997	0.001
0.001	0.053	0.945	0.001
>TAGGAGGAGT	6-TAGGAGGAGT	9.406961	-20.882381	0	T:40.0(5.10%),B:467.6(1.61%),P:1e-9	Tpos:197.0,Tstd:93.2,Bpos:192.1,Bstd:95.3,StrandBias:0.3,Multiplicity:1.05
0.033	0.001	0.079	0.887
0.819	0.035	0.117	0.029
0.001	0.001	0.997	0.001
0.001	0.228	0.770	0.001
0.923	0.031	0.001	0.045
0.036	0.001	0.962	0.001
0.001	0.001	0.934	0.064
0.909	0.050	0.001	0.040
0.053	0.001	0.870	0.076
0.017	0.037	0.001	0.945
>GCCTGCTGTC	7-GCCTGCTGTC	9.611942	-20.769929	0	T:21.0(2.68%),B:135.4(0.47%),P:1e-9	Tpos:152.2,Tstd:78.7,Bpos:171.3,Bstd:112.4,StrandBias:-0.9,Multiplicity:1.00
0.001	0.001	0.997	0.001
0.064	0.934	0.001	0.001
0.001	0.944	0.054	0.001
0.001	0.001	0.001	0.997
0.088	0.001	0.910	0.001
0.001	0.997	0.001	0.001
0.001	0.001	0.001	0.997
0.001	0.001	0.997	0.001
0.001	0.001	0.001	0.997
0.001	0.811	0.001	0.187
>TTTRATCATT	8-TTTRATCATT	7.481998	-19.729423	0	T:68.0(8.66%),B:1132.1(3.89%),P:1e-8	Tpos:147.5,Tstd:89.8,Bpos:149.8,Bstd:86.0,StrandBias:0.3,Multiplicity:1.15
0.192	0.001	0.324	0.483
0.001	0.001	0.279	0.719
0.119	0.001	0.066	0.814
0.535	0.029	0.391	0.045
0.598	0.072	0.001	0.329
0.270	0.133	0.001	0.596
0.016	0.739	0.201	0.044
0.974	0.024	0.001	0.001
0.001	0.001	0.079	0.919
0.001	0.001	0.001	0.997
>CAACTTAAGT	9-CAACTTAAGT	9.063294	-19.368865	0	T:18.0(2.29%),B:105.6(0.36%),P:1e-8	Tpos:176.5,Tstd:121.4,Bpos:153.5,Bstd:93.3,StrandBias:-0.1,Multiplicity:1.00
0.001	0.944	0.054	0.001
0.825	0.112	0.001	0.062
0.997	0.001	0.001	0.001
0.001	0.947	0.051	0.001
0.066	0.001	0.001	0.932
0.001	0.049	0.052	0.898
0.829	0.001	0.118	0.052
0.861	0.001	0.137	0.001
0.001	0.001	0.997	0.001
0.001	0.097	0.072	0.830
>GATTTATTTT	10-GATTTATTTT	10.108646	-17.220809	0	T:23.0(2.93%),B:202.2(0.69%),P:1e-7	Tpos:115.9,Tstd:76.8,Bpos:125.1,Bstd:84.9,StrandBias:-0.7,Multiplicity:1.04
0.001	0.001	0.930	0.068
0.806	0.022	0.065	0.107
0.001	0.024	0.001	0.974
0.001	0.001	0.038	0.960
0.035	0.001	0.062	0.902
0.911	0.036	0.001	0.052
0.001	0.001	0.001	0.997
0.080	0.001	0.001	0.918
0.089	0.001	0.001	0.909
0.034	0.096	0.159	0.711
>GCCAGCCGCC	11-GCCAGCCGCC	8.636435	-16.867282	0	T:60.0(7.64%),B:1019.2(3.50%),P:1e-7	Tpos:199.1,Tstd:98.4,Bpos:192.8,Bstd:114.3,StrandBias:-0.1,Multiplicity:1.10
0.138	0.033	0.779	0.050
0.052	0.669	0.232	0.047
0.025	0.649	0.029	0.297
0.606	0.019	0.323	0.052
0.034	0.057	0.844	0.065
0.025	0.687	0.261	0.027
0.303	0.630	0.015	0.052
0.256	0.014	0.455	0.274
0.065	0.795	0.038	0.102
0.317	0.618	0.036	0.029
>CTTGGTCCGT	12-CTTGGTCCGT	11.811207	-16.366210	0	T:7.0(0.89%),B:9.6(0.03%),P:1e-7	Tpos:179.3,Tstd:103.6,Bpos:161.9,Bstd:67.6,StrandBias:-1.3,Multiplicity:1.00
0.001	0.997	0.001	0.001
0.001	0.001	0.001	0.997
0.001	0.001	0.001	0.997
0.001	0.001	0.832	0.166
0.205	0.001	0.793	0.001
0.001	0.001	0.001	0.997
0.001	0.997	0.001	0.001
0.001	0.997	0.001	0.001
0.001	0.001	0.997	0.001
0.001	0.001	0.001	0.997
>GGATGGAACC	13-GGATGGAACC	10.729745	-15.834544	0	T:12.0(1.53%),B:54.3(0.19%),P:1e-6	Tpos:168.8,Tstd:123.8,Bpos:157.8,Bstd:116.7,StrandBias:-2.3,Multiplicity:1.00
0.001	0.001	0.997	0.001
0.001	0.001	0.997	0.001
0.997	0.001	0.001	0.001
0.001	0.001	0.001	0.997
0.001	0.001	0.997	0.001
0.001	0.001	0.997	0.001
0.836	0.001	0.001	0.162
0.997	0.001	0.001	0.001
0.063	0.935	0.001	0.001
0.001	0.845	0.001	0.153
>TCAAAACAGG	14-TCAAAACAGG	10.296193	-13.094111	0	T:6.0(0.76%),B:11.0(0.04%),P:1e-5	Tpos:205.7,Tstd:81.2,Bpos:133.8,Bstd:90.0,StrandBias:1.0,Multiplicity:1.00
0.100	0.100	0.100	0.700
0.100	0.700	0.100	0.100
0.700	0.100	0.100	0.100
0.700	0.100	0.100	0.100
0.700	0.100	0.100	0.100
0.700	0.100	0.100	0.100
0.100	0.700	0.100	0.100
0.700	0.100	0.100	0.100
0.100	0.100	0.700	0.100
0.100	0.100	0.700	0.100
